list(
thetaM = 0,
sigmainv = 1,
thetaS = c( 0,0,0, 0,0,0, 0,0,0, 0,0,0, 0,0,0, 0,0,0, 0,0,0, 0,0,0, 0,0,0, 0,0,0, 0,0,0, 0,0,0, 0,0,0 ),
thetaC = c(0,0,0, 0,0,0),
thetaD = 0,
theta0 = 0
)


list(
thetaM = -0.0886,
sigmainv = .0062,
thetaS = c( -0.005230415,  0.323233689,  0.248731146,  0.088676266, -0.005623938,
-0.005838344,  0.061296561, -1.415482741,  0.786170570, -1.834036121,
-0.215608021, -1.688090060, -0.247356178, -0.576708776,  0.588219956,
-1.663436090,  1.191140282,  1.488701815, -0.168460327, -1.753985344,
-0.096481297,  1.015809768,  0.571044865, -0.186138365, -0.390683780,
2.184562861, -0.714616445, -1.454238029, -0.378202850,  2.333326745,
-1.963480801, -0.694102967, -0.627430552,  0.962777583, -0.819222873,
0.428982508, -0.748384447, -0.108955976, -0.649474939 ),
thetaC = c(0.4508142, -0.3221018,  0.7918068, -2.4340178, -0.1948417,  0.4169377),
thetaD = 0.1065248,
theta0 = 2.135
)

list(
thetaM = 0.638,
sigmainv = 0.285,
thetaS = c( -0.50698671,  0.78900137, -0.63832387,  0.49764961, -0.74305466,  0.99478045,
-0.38720979, -0.68832467, -2.72827181, -1.65305528, 0.26434592, -1.19312105,
1.59049493,  0.28868316,  0.35069192, -1.31174952,  0.23312625, -0.36408459,
-0.18021136, -0.65200549, -0.75872196,  0.75621029,  0.67546995, -0.05148248,
0.59535885,  0.60366674, -2.18112341,  0.80796243,  0.01691852,  0.82520373,
0.43769689, -1.12441874,  1.19042965, -0.55414630,  0.04076461,  0.25398322,
0.85462075,  2.07851527, -1.64015232 ),
thetaC = c(0.20336967, -0.09468869, -0.36612979, -0.41165518,  0.71799602,  0.19573818),
thetaD = -0.4375715,
theta0 = -0.398
)