list(
thetaM = 0,
sigmainv = 1,
thetaS = c( 0,0,0, 0,0,0, 0,0,0, 0,0,0, 0,0,0, 0,0,0, 0,0,0, 0,0,0, 0,0,0, 0,0,0, 0,0,0, 0,0,0, 0,0,0 ),
thetaC = c(0,0),
thetaD = 0,
theta0 = 0
)


list(
thetaM = 0.9017493,
sigmainv = 0.6719993,
thetaS = c( -0.124490587, -0.349218319, -0.214976241,  0.658992743, -0.153944027,
-0.131215287, -0.317063533, -0.401391890,  0.405538038, -0.166740363,
 -0.909343261, -0.285483983, -0.301522390, -0.458672102,  0.482756408,
  0.132098075,  0.503176137, -0.116189800, -0.906341093,  0.187624339,
 -0.697182991, -0.443035662,  0.575073528,  0.535279823,  0.344567664,
 -0.192614700, -0.274994219,  0.814716415, -0.565676555,  0.787943860,
  0.475384851,  0.348350331, -0.839289484,  0.622008454, -0.826321332,
  0.009736176,  0.472904589,  0.680048078, -0.197963991 ),
thetaC = c(1.21701908, -2.08716553),
thetaD = 0.1044599,
theta0 = -1.0921658
)

list(
thetaM = -2.1105895,
sigmainv = 0.85846492,
thetaS = c( -0.21591192, -0.13105806,  0.75286812,  0.59672579, -0.55916158,  0.04753076,
 0.40496817,  0.83769751,  0.56470542,  0.24509404, -0.00320114, -0.99475263,
 0.56533324,  0.30319587,  0.86142702, -0.91788330, -0.56603519,  0.08876381,
 0.16935853, -0.73482794,  0.90836386,  0.76852556, -0.26049112, -0.91062869,
-0.16537408,  0.24779480, -0.61243231, -0.70233715,  0.64116343, -0.11923683,
 0.84452795, -0.83270015,  0.16673644, -0.33995995,  0.13021303,  0.32685224,
-0.40128759,  0.76292276,  0.81267851 ),
thetaC = c(-0.3098973, 0.5673435),
thetaD = -0.1440979,
theta0 = 0.6198162
)