list(
thetaM = 0,
sigmainv = 1,
thetaS = c( 0,0,0, 0,0,0, 0,0,0, 0,0,0, 0,0,0, 0,0,0, 0,0,0, 0,0,0, 0,0,0, 0,0,0, 0,0,0, 0,0,0, 0,0,0 ),
thetaC = c(0,0, 0, 0),
thetaD = 0,
theta0 = 0
)

list(
thetaM = -1.153331,
sigmainv = 1,
thetaS = c( 0.16781735,  0.52213596,  0.26319715,  0.28769165, -0.47638170, -0.20408351,
0.48500856, -0.02563386,  0.25252981,  0.06985773,  0.16978968, -0.27313701,
 0.54745436, -0.74654438,  0.17321604, -0.46950422,  0.26914192,  0.03946986,
-0.26959706, -0.17605318, -0.64642982, -0.13938729,  0.11868311, -0.22755715,
 0.37103167, -0.48842993,  0.03100603,  0.79251260,  0.79518016, -0.61941170,
 -0.71857453,  0.16106920,  0.71974544, -0.10338247,  0.65634334,  0.29835491,
-0.03214413, -0.39191817,  0.37954509 ),
thetaC = c(0.4640012, 0.6714424, 1.0265552, 0.6925512),
thetaD = 0.379098,
theta0 = 1.122006
)

list(
thetaM = 1.4192683,
sigmainv = 1,
thetaS = c( 0.84116544, -0.18433636,  0.91184230, -0.42390130,  0.50563815, -0.10793668,
-0.66396895, -0.26883586, -0.10811587,  0.19395309, -0.98558182, -0.33256826,
 -0.07794888, -0.37058772,  0.39038465, -0.60058164,  0.63372986,  0.83702363,
 0.37248173, -0.09041033, -0.03624872,  0.11829846,  0.50614089, -0.02435065,
-0.50502439, -0.10069235, -0.12647906, -0.24395160, -0.44391672,  0.22742294,
 0.08029124, -0.39545306, -0.38838577, -0.15315305,  0.08161116,  0.31480029,
1.08446680, -0.65102684,  0.46752560 ),
thetaC = c(-1.930822,  1.760432, -1.957347, -1.113708),
thetaD = -0.07841113,
theta0 = -0.3672383
)