list(
thetaM = 0,
sigmainv = 1,
thetaS = c( 0,0,0, 0,0,0, 0,0,0, 0,0,0, 0,0,0, 0,0,0, 0,0,0, 0,0,0, 0,0,0, 0,0,0, 0,0,0, 0,0,0, 0,0,0 ),
thetaC = c(0,0,0, 0,0,0),
thetaD = 0,
theta0 = 0
)


list(
thetaM = 2.529569,
sigmainv = 0.16,
thetaS = c( 1.2781168,  -1.7261096,  -1.1079931,  -0.7822371,  -0.5961617,  1.5091133,
   0.6838642, -1.7933089, -1.4318050,  0.0207501, -1.7857807, -0.5614028,
  0.0060597,   1.3533389, -1.5900996,   0.9089450, -1.3836661,  -0.8258127,
 -0.3937873,   0.9325337,  0.6368477, -1.1082624,   1.6710432,   1.7874482,
 -1.5003262,   1.5391092,  -0.8491888, -1.4049390,  -1.7281115,  -0.2341965,
  -0.350529, -0.7855172,   1.7711355, -0.8194258,  -0.1082993,  1.6704872,
  0.213941,  -1.1967232,   0.5331338 ),
thetaC = c(-2.577342,  -2.673916,   9.542972, -13.552547,  -9.268742, -14.402879),
thetaD = 0.392165,
theta0 = -1.684677
)

list(
thetaM = 4.8617940,
sigmainv = 9.2,
thetaS = c( 1.26363449, -0.53691588,  1.85953160,  0.25809121, -1.82830776,  1.19892603,
-0.20149331, -1.47837249,  1.60855722,  0.38986577, -1.65228155, -1.50905688,
 -1.00556518, -0.94066565,  1.36606583,  0.66427607, -0.12092350, -1.22589492,
 0.43017381, -1.91349262,  1.99686684, -1.68558310,  1.16294140,  1.41950377,
-1.88466474, -1.96726157,  1.32603212,  1.99122418,  1.82873135,  0.03491891,
 -1.74070173, -1.53821505,  1.46302556, -0.85680579,  0.25183270, -0.94165812,
 -0.88648082, -0.53335473,  1.91432520 ),
thetaC = c(3.428733,  7.069804,  4.032880,  8.499300, -5.104992, -6.867237),
thetaD = -0.6429299,
theta0 = 7.9333502
)