list(
thetaM = 0,
sigmainv = 1,
thetaS = c( 0,0,0, 0,0,0, 0,0,0, 0,0,0, 0,0,0, 0,0,0, 0,0,0, 0,0,0, 0,0,0, 0,0,0, 0,0,0, 0,0,0, 0,0,0 ),
thetaC = c(0,0,0, 0,0,0),
thetaD = 0,
theta0 = 0
)


list(
thetaM = 0.9017493,
sigmainv = 0.6719993,
thetaS = c( -0.124490587, -1.349218319, -0.214976241,  0.658992743, -1.153944027,
-0.131215287, -0.317063533, -0.401391890,  1.405538038, -1.166740363,
 -1.909343261, -0.285483983, -0.301522390, -0.458672102,  0.482756408,
  0.132098075,  1.503176137, -1.116189800, -0.906341093,  0.187624339,
 -1.697182991, -0.443035662,  0.575073528,  0.535279823,  0.344567664,
 -0.192614700, -1.274994219,  1.814716415, -0.565676555,  1.787943860,
  0.475384851,  0.348350331, -2.839289484,  1.622008454, -0.826321332,
  0.009736176,  1.472904589,  0.680048078, -1.197963991 ),
thetaC = c(1.21701908,  0.84299441, -2.08716553, -2.07294526, -0.05655195,  0.42136145),
thetaD = 0.1044599,
theta0 = -1.0921658
)

list(
thetaM = -2.1105895,
sigmainv = 0.85846492,
thetaS = c( -0.21591192, -0.13105806,  0.75286812,  0.59672579, -0.55916158,  1.04753076,
 0.40496817,  0.83769751,  1.56470542,  1.24509404, -1.00320114, -0.99475263,
 1.56533324,  1.30319587,  0.86142702, -0.91788330, -1.56603519,  0.08876381,
 1.16935853, -0.73482794,  1.90836386,  1.76852556, -0.26049112, -1.91062869,
-1.16537408,  0.24779480, -1.61243231, -1.70233715,  0.64116343, -1.11923683,
 0.84452795, -1.83270015,  1.16673644, -0.33995995,  0.13021303,  1.32685224,
-0.40128759,  1.76292276,  0.81267851 ),
thetaC = c(-0.3098973, -0.4014978, -1.9654362, -0.2407985,  1.8871549,  0.5673435),
thetaD = -0.5440979,
theta0 = 0.6198162
)